152
10
4 1696 896
4 1696 928
4 1696 864
4 1696 832
4 1696 800
4 1696 768
4 1632 736
4 1568 704
4 1504 704
4 1440 704
4 1632 960
4 1568 992
4 1504 992
4 1440 992
4 1376 960
4 1312 928
4 1312 896
4 1312 864
4 1312 832
4 1312 768
4 1376 736
1 1312 800
1 1376 768
1 1440 736
1 1440 672
1 1440 640
1 1440 608
1 1440 576
1 1248 800
1 1120 768
1 1056 736
1 1056 704
1 1056 672
1 1056 640
1 1056 608
1 1056 576
1 1120 544
1 1184 512
1 1248 512
1 1312 512
1 1376 544
3 1184 768
3 1184 800
3 1184 832
3 1184 864
3 1184 896
3 1184 928
3 1120 960
3 1056 992
3 992 992
3 928 992
3 1120 736
3 992 704
3 928 704
3 864 736
3 800 768
3 800 832
3 800 864
3 800 896
3 800 928
3 864 960
5 800 800
5 864 768
5 928 736
5 928 672
5 928 640
5 928 608
5 928 576
5 864 544
5 800 512
5 736 512
5 672 512
5 736 800
5 608 768
5 544 736
5 544 704
5 544 672
5 544 640
5 544 608
5 544 576
5 608 544
0 672 768
0 672 800
0 672 832
0 672 864
0 672 896
0 672 928
0 608 736
0 480 704
0 416 704
0 608 960
0 544 992
0 480 992
0 416 992
0 352 960
0 288 928
0 288 896
0 288 864
0 288 832
0 288 800
0 288 768
0 352 736
2 128 592
2 192 624
2 256 624
2 320 592
2 320 560
2 256 528
2 192 496
2 128 464
2 128 432
2 192 432
2 256 432
2 320 432
2 576 448
2 512 448
2 448 416
2 448 384
2 448 352
2 448 320
2 448 288
2 512 256
2 576 256
2 640 288
2 640 320
2 640 352
2 640 384
2 640 416
2 1344 448
2 1408 448
2 1280 288
2 1344 256
2 1408 256
2 1472 384
2 1472 416
2 1728 624
2 1664 624
2 1600 592
2 1792 592
2 1792 560
2 1728 528
2 1664 496
2 1600 464
2 1600 432
2 1664 432
2 1728 432
2 1792 432
2 1408 352
2 1344 320
2 1280 256
2 1472 256
2 1280 416
