67
5 864 944
5 928 944
5 992 912
5 800 912
5 736 880
5 736 848
5 736 816
5 800 784
5 864 752
5 928 752
5 992 784
5 1056 816
5 1056 848
5 1056 880
3 896 816
2 960 864
2 832 864
4 864 720
4 928 720
3 800 944
3 736 944
3 736 912
3 992 944
3 1056 944
3 1056 912
5 800 688
5 864 688
5 928 688
5 992 688
5 1056 656
5 736 656
5 832 608
5 960 608
5 1056 624
5 1056 592
5 736 624
5 736 592
5 736 560
5 800 528
5 864 528
5 928 528
5 992 528
5 1056 560
3 736 528
3 672 528
3 608 560
3 544 592
3 544 624
3 608 656
0 1504 832
0 1440 800
0 1504 800
0 1568 800
0 1568 768
0 1504 768
0 1440 768
0 1504 736
1 576 496
1 640 496
1 704 496
1 768 496
1 832 496
1 896 496
1 960 496
1 1024 496
1 1088 496
1 1152 496
