248
0 96 432
0 160 432
0 224 432
0 288 432
0 352 432
0 416 432
0 480 432
0 544 432
0 608 432
0 672 432
0 736 432
0 800 432
0 864 432
0 928 432
0 992 432
0 1056 432
0 1120 432
0 1184 432
0 1248 432
0 1312 432
0 1376 432
0 1440 432
0 1504 432
0 1568 432
0 1632 432
0 1696 432
0 1760 432
0 1824 432
0 1824 464
0 1760 464
0 1696 464
0 1632 464
0 1568 464
0 1504 464
0 1440 464
0 1376 464
0 544 464
0 480 464
0 416 464
0 352 464
0 288 464
0 224 464
0 160 464
0 96 464
1 160 496
1 224 496
1 288 496
1 352 496
1 416 496
1 480 496
1 544 496
1 608 496
1 672 496
1 736 496
1 800 496
1 864 496
1 928 496
1 992 496
1 1056 496
1 1120 496
1 1184 496
1 1248 496
1 1312 496
1 1376 496
1 1440 496
1 1504 496
1 1568 496
1 1632 496
1 1696 496
1 1760 496
1 1184 464
1 1120 464
1 1056 464
1 992 464
1 928 464
1 864 464
1 800 464
1 736 464
1 672 464
1 608 464
1 1312 464
1 1248 464
1 1632 528
1 1568 528
1 1504 528
1 1440 528
1 1376 528
1 1312 528
1 288 528
1 352 528
1 416 528
1 480 528
1 544 528
1 608 528
4 992 528
4 928 528
4 1056 528
4 864 528
4 928 560
4 992 560
4 992 592
4 928 592
4 992 624
4 928 624
4 960 656
4 960 688
4 960 720
4 960 752
4 960 784
4 960 816
4 960 848
4 960 880
4 960 912
4 960 944
4 1024 976
4 1088 1008
4 1152 1008
4 1216 976
4 896 976
4 832 1008
4 768 1008
4 704 976
4 960 1008
4 960 1040
4 832 976
4 768 944
4 1088 976
4 1152 944
3 800 528
3 736 528
3 672 528
3 544 560
3 608 560
3 672 560
3 736 560
3 800 560
3 864 560
3 864 592
3 864 624
3 800 592
3 736 592
3 672 592
3 736 624
3 800 624
3 896 656
3 832 656
3 896 688
3 896 720
3 896 752
3 896 784
3 896 816
3 832 720
3 832 688
3 768 656
3 1120 528
3 1184 528
3 1248 528
3 1056 560
3 1120 560
3 1184 560
3 1248 560
3 1312 560
3 1376 560
3 1056 592
3 1120 592
3 1184 592
3 1248 592
3 1056 624
3 1120 624
3 1184 624
3 1024 656
3 1088 656
3 1152 656
3 1024 688
3 1088 688
3 1024 720
3 1088 720
3 1024 752
3 1024 784
3 1024 816
5 1664 992
5 1600 992
5 1536 960
5 1600 960
5 1664 960
5 1728 960
5 1728 928
5 1664 928
5 1600 928
5 1536 928
5 1600 896
5 1664 896
5 1728 896
5 1536 896
5 1600 864
5 1664 864
2 672 832
2 608 832
2 672 864
2 672 896
2 608 864
2 608 896
2 608 928
2 608 960
2 608 992
2 608 1024
2 544 1024
2 480 1024
2 416 992
2 480 992
2 544 992
2 544 960
2 480 960
2 416 960
2 480 928
2 544 928
2 544 896
2 544 864
2 736 864
2 800 864
2 800 832
2 736 832
2 1120 832
2 1120 864
2 1184 864
2 1184 832
2 1248 832
2 1248 864
2 1312 864
2 1312 832
2 1376 864
2 1376 896
2 1312 896
2 1248 896
2 1312 928
2 1376 928
2 1440 928
2 1440 960
2 1440 992
2 1440 1024
2 1376 1024
2 1312 1024
2 1312 992
2 1312 960
2 1376 960
2 1376 992
2 672 1024
2 1248 1024
